6
4
8
9
5
2
5
9
0
3
9
9
9
5
4
4
5
6
4
7
3
6
6
4
8
3
0
3
9
6
4
7
0
0
8
5
8
1
6
1
2
4
5
1
9
0
5
0
4
6
8
3
5
5
1
6
7
5
1
0
9
9
9
5
8
9
0
0
1
1
1
6
4
9
0
3
4
3
5
4
6
1
4
4
4
3
5
4
6
7
9
8
5
9
3
6
7
2
5
1
9
2
7
2
1
5
5
0
7
9
2
6
9
5
4
2
4
0
4
7
3
2
9
0
6
9
8
8
9
7
3
3
0
9
4
0
2
0
1
5
3
8
2
8
1
0
3
8
3
0
8
5
6
2
2
9
9
9
0
1
3
5
0
5
5
6
8
8
2
2
5
7
6
7
9
9
7
9
3
0
9
8
4
0
4
3
8
4
7
5
4
5
0
5
0
1
4
3
6
5
9
2
8
7
1
0
1
1
1
4
3
8
9
0
4
3
3
0
3
8
8
4
9
6
9
6
3
3
4
1
2
6
2
6
8
6
0
0
8
6
7
9
6
2
3
1
5
4
1
8
9
8
5
2
1
5
4
6
7
0
0
3
4
5
1
0
2
8
0
8
7
4
0
0
9
1
2
3
0
0
7
5
8
2
6
1
7
8
6
5
